# Центр карты (координаты города)
VITE_CENTER_LAT=40.785289013646135
VITE_CENTER_LNG=43.84159973270584

# Уровень масштабирования карты
VITE_MAP_ZOOM=17

# Максимальные границы карты
VITE_BOUND_SW_LAT=40.74702159987336
VITE_BOUND_SW_LNG=43.80502030018217

VITE_BOUND_NE_LAT=40.838643969684874
VITE_BOUND_NE_LNG=43.88776108354072


#id для получения карт в разных языках
VITE_MAP_ID_EN=01971cf9-b590-728b-93e3-0c560af0bc61
VITE_MAP_ID_HY=01971cfa-92ce-72fe-9968-07be0609c9d8
VITE_MAP_ID_RU=01971ce0-e29a-78f5-a655-daeb0d58fb81


# Ключ для доступа к картам
VITE_MAP_KEY=P6G7l7n4d2DlKiVSINha